8111101111101111
3111010111010100
6001010111101111
8111101111101111
6001010111101111
2111001001010111
2111001001010111
1001011101001001
4101101111001001
0111101101101111
3111010111010100
4101101111001001
0111101101101111
6001010111101111
7111010100100100
1001011101001001
0111101101101111
0111101101101111
7111010100100100
4101101111001001
0111101101101111
6001010111101111
8111101111101111
5111100111001111
2111001001010111
9111101111010100
0111101101101111
6001010111101111
6001010111101111
3111010111010100
4101101111001001
9111101111010100
3111010111010100
9111101111010100
8111101111101111
4101101111001001
3111010111010100
5111100111001111
7111010100100100
0111101101101111
6001010111101111
1001011101001001
2111001001010111
5111100111001111
5111100111001111
1001011101001001
5111100111001111
6001010111101111
7111010100100100
8111101111101111
2111001001010111
9111101111010100
5111100111001111
4101101111001001
3111010111010100
4101101111001001
4101101111001001
7111010100100100
8111101111101111
8111101111101111
3111010111010100
0111101101101111
7111010100100100
9111101111010100
8111101111101111
2111001001010111
2111001001010111
9111101111010100
6001010111101111
0111101101101111
6001010111101111
9111101111010100
3111010111010100
5111100111001111
7111010100100100
8111101111101111
2111001001010111
5111100111001111
0111101101101111
7111010100100100
5111100111001111
3111010111010100
1001011101001001
1001011101001001
9111101111010100
1001011101001001
1001011101001001
7111010100100100
9111101111010100
2111001001010111
2111001001010111
9111101111010100
8111101111101111
3111010111010100
5111100111001111
4101101111001001
4101101111001001
1001011101001001
1001011101001001
7111010100100100